0.000000
0.078949
0.126291
0.162458
0.192542
0.218676
0.241982
0.263138
0.282587
0.300639
0.317521
0.333403
0.348419
0.362674
0.376255
0.389233
0.401666
0.413606
0.425094
0.436169
0.446862
0.457202
0.467213
0.476917
0.486336
0.495485
0.504381
0.513039
0.521471
0.529690
0.537707
0.545531
0.553172
0.560638
0.567938
0.575078
0.582065
0.588906
0.595606
0.602171
0.608607
0.614917
0.621107
0.627180
0.633142
0.638995
0.644743
0.650389
0.655938
0.661391
0.666752
0.672024
0.677209
0.682309
0.687327
0.692265
0.697126
0.701911
0.706623
0.711263
0.715832
0.720334
0.724770
0.729140
0.733447
0.737692
0.741877
0.746002
0.750070
0.754081
0.758037
0.761939
0.765788
0.769584
0.773330
0.777026
0.780674
0.784273
0.787825
0.791331
0.794793
0.798209
0.801582
0.804913
0.808201
0.811448
0.814655
0.817821
0.820949
0.824038
0.827089
0.830103
0.833080
0.836021
0.838927
0.841797
0.844634
0.847436
0.850206
0.852942
0.855646
0.858318
0.860959
0.863569
0.866148
0.868697
0.871217
0.873707
0.876169
0.878602
0.881007
0.883384
0.885735
0.888058
0.890354
0.892625
0.894869
0.897088
0.899281
0.901450
0.903594
0.905713
0.907809
0.909880
0.911929
0.913954
0.915956
0.917935
0.919892
0.921827
0.923740
0.925631
0.927501
0.929350
0.931178
0.932985
0.934771
0.936538
0.938284
0.940010
0.941717
0.943404
0.945072
0.946721
0.948352
0.949963
0.951556
0.953131
0.954688
0.956226
0.957747
0.959251
0.960737
0.962205
0.963657
0.965092
0.966510
0.967911
0.969296
0.970664
0.972017
0.973353
0.974674
0.975978
0.977268
0.978541
0.979800
0.981043
0.982271
0.983484
0.984682
0.985866
0.987035
0.988190
0.989330
0.990456
0.991568
0.992666
0.993750
0.994821
0.995877
0.996920
0.997950
0.998967
0.999970
1.000960
1.001937
1.002901
1.003852
1.004791
1.005717
1.006630
1.007531
1.008419
1.009296
1.010160
1.011012
1.011852
1.012680
1.013496
1.014300
1.015093
1.015874
1.016644
1.017402
1.018149
1.018884
1.019609
1.020322
1.021024
1.021715
1.022396
1.023065
1.023724
1.024372
1.025009
1.025636
1.026252
1.026858
1.027453
1.028038
1.028613
1.029178
1.029732
1.030277
1.030811
1.031336
1.031851
1.032356
1.032851
1.033336
1.033812
1.034279
1.034735
1.035183
1.035620
1.036049
1.036468
1.036878
1.037279
1.037670
1.038053
1.038426
1.038791
1.039146
1.039493
1.039830
1.040159
1.040480
1.040791
1.041094
1.041388
1.041673
1.041950
1.042219
1.042479
1.042731
1.042974
1.043209
1.043436
1.043655
1.043865
1.044067
1.044261
1.044447
1.044625
1.044795
1.044957
1.045112
1.045258
1.045396
1.045527
1.045650
1.045765
1.045873
1.045973
1.046065
1.046149
1.046227
1.046296
1.046358
1.046413
1.046460
1.046500
1.046533
1.046558
1.046576
1.046587
1.046590
1.046587
1.046576
1.046558
1.046533
1.046501
1.046462
1.046416
1.046363
1.046303
1.046236
1.046162
1.046081
1.045994
1.045900
1.045799
1.045691
1.045577
1.045455
1.045328
1.045193
1.045052
1.044904
1.044750
1.044590
1.044422
1.044249
1.044068
1.043882
1.043689
1.043490
1.043284
1.043072
1.042853
1.042629
1.042398
1.042161
1.041917
1.041668
1.041412
1.041150
1.040882
1.040608
1.040328
1.040042
1.039750
1.039451
1.039147
1.038837
1.038521
1.038199
1.037871
1.037537
1.037197
1.036851
1.036500
1.036143
1.035779
1.035411
1.035036
1.034656
1.034270
1.033878
1.033481
1.033077
1.032669
1.032254
1.031835
1.031409
1.030978
1.030541
1.030099
1.029651
1.029198
1.028740
1.028275
1.027806
1.027331
1.026850
1.026365
1.025873
1.025377
1.024875
1.024368
1.023855
1.023337
1.022814
1.022286
1.021752
1.021213
1.020669
1.020120
1.019565
1.019006
1.018441
1.017871
1.017296
1.016715
1.016130
1.015540
1.014944
1.014344
1.013738
1.013127
1.012512
1.011891
1.011265
1.010635
1.009999
1.009358
1.008713
1.008062
1.007407
1.006747
1.006082
1.005412
1.004737
1.004057
1.003372
1.002683
1.001989
1.001290
1.000586
0.999878
0.999164
0.998446
0.997723
0.996996
0.996264
0.995527
0.994785
0.994039
0.993288
0.992532
0.991772
0.991007
0.990238
0.989463
0.988685
0.987901
0.987113
0.986321
0.985524
0.984722
0.983916
0.983106
0.982290
0.981471
0.980647
0.979818
0.978985
0.978147
0.977305
0.976459
0.975608
0.974753
0.973893
0.973029
0.972160
0.971287
0.970410
0.969529
0.968643
0.967752
0.966858
0.965959
0.965055
0.964148
0.963236
0.962320
0.961399
0.960474
0.959545
0.958612
0.957675
0.956733
0.955787
0.954837
0.953882
0.952924
0.951961
0.950994
0.950023
0.949048
0.948068
0.947085
0.946097
0.945105
0.944109
0.943109
0.942105
0.941097
0.940084
0.939068
0.938047
0.937023
0.935994
0.934961
0.933925
0.932884
0.931839
0.930790
0.929738
0.928681
0.927620
0.926555
0.925486
0.924414
0.923337
0.922256
0.921172
0.920083
0.918991
0.917894
0.916794
0.915690
0.914582
0.913470
0.912354
0.911234
0.910110
0.908983
0.907851
0.906716
0.905577
0.904434
0.903287
0.902136
0.900982
0.899824
0.898662
0.897496
0.896326
0.895153
0.893976
0.892795
0.891610
0.890422
0.889229
0.888033
0.886834
0.885630
0.884423
0.883212
0.881997
0.880779
0.879557
0.878331
0.877102
0.875869
0.874632
0.873392
0.872148
0.870900
0.869649
0.868394
0.867135
0.865873
0.864607
0.863337
0.862064
0.860787
0.859507
0.858223
0.856936
0.855645
0.854350
0.853052
0.851750
0.850445
0.849136
0.847823
0.846507
0.845188
0.843865
0.842538
0.841208
0.839874
0.838537
0.837197
0.835853
0.834505
0.833154
0.831799
0.830441
0.829080
0.827715
0.826347
0.824975
0.823600
0.822221
0.820839
0.819453
0.818064
0.816672
0.815276
0.813877
0.812474
0.811068
0.809659
0.808246
0.806830
0.805411
0.803988
0.802562
0.801132
0.799699
0.798263
0.796823
0.795380
0.793934
0.792485
0.791032
0.789576
0.788116
0.786653
0.785187
0.783718
0.782245
0.780769
0.779290
0.777808
0.776322
0.774833
0.773341
0.771845
0.770347
0.768845
0.767339
0.765831
0.764319
0.762804
0.761286
0.759765
0.758241
0.756713
0.755182
0.753648
0.752111
0.750571
0.749027
0.747480
0.745930
0.744377
0.742821
0.741262
0.739699
0.738134
0.736565
0.734993
0.733418
0.731840
0.730259
0.728675
0.727087
0.725497
0.723903
0.722307
0.720707
0.719104
0.717498
0.715890
0.714278
0.712663
0.711045
0.709423
0.707799
0.706172
0.704542
0.702909
0.701272
0.699633
0.697991
0.696346
0.694697
0.693046
0.691392
0.689735
0.688074
0.686411
0.684745
0.683076
0.681404
0.679729
0.678051
0.676370
0.674686
0.672999
0.671310
0.669617
0.667921
0.666223
0.664522
0.662817
0.661110
0.659400
0.657687
0.655971
0.654253
0.652531
0.650807
0.649079
0.647349
0.645616
0.643880
0.642142
0.640400
0.638656
0.636908
0.635158
0.633405
0.631650
0.629891
0.628130
0.626366
0.624599
0.622829
0.621057
0.619282
0.617504
0.615723
0.613939
0.612153
0.610364
0.608572
0.606778
0.604981
0.603181
0.601378
0.599572
0.597764
0.595953
0.594140
0.592323
0.590504
0.588683
0.586858
0.585031
0.583202
0.581369
0.579534
0.577696
0.575856
0.574013
0.572167
0.570319
0.568468
0.566614
0.564758
0.562899
0.561038
0.559174
0.557307
0.555437
0.553566
0.551691
0.549814
0.547934
0.546052
0.544167
0.542280
0.540390
0.538498
0.536602
0.534705
0.532805
0.530902
0.528997
0.527089
0.525179
0.523266
0.521351
0.519433
0.517513
0.515590
0.513665
0.511737
0.509807
0.507874
0.505939
0.504001
0.502061
0.500119
0.498174
0.496227
0.494277
0.492324
0.490370
0.488413
0.486453
0.484491
0.482527
0.480560
0.478591
0.476619
0.474645
0.472669
0.470691
0.468709
0.466726
0.464740
0.462752
0.460762
0.458769
0.456774
0.454776
0.452777
0.450775
0.448770
0.446764
0.444755
0.442743
0.440730
0.438714
0.436696
0.434675
0.432653
0.430628
0.428600
0.426571
0.424539
0.422505
0.420469
0.418431
0.416390
0.414347
0.412302
0.410255
0.408205
0.406154
0.404100
0.402044
0.399985
0.397925
0.395862
0.393798
0.391731
0.389662
0.387591
0.385517
0.383442
0.381364
0.379284
0.377203
0.375119
0.373033
0.370944
0.368854
0.366762
0.364667
0.362571
0.360472
0.358372
0.356269
0.354164
0.352058
0.349949
0.347838
0.345725
0.343610
0.341493
0.339374
0.337253
0.335130
0.333005
0.330878
0.328749
0.326619
0.324486
0.322351
0.320214
0.318075
0.315935
0.313792
0.311647
0.309501
0.307353
0.305202
0.303050
0.300896
0.298740
0.296582
0.294422
0.292260
0.290097
0.287931
0.285764
0.283595
0.281424
0.279251
0.277076
0.274900
0.272721
0.270541
0.268359
0.266176
0.263990
0.261803
0.259613
0.257422
0.255230
0.253035
0.250839
0.248641
0.246441
0.244240
0.242037
0.239832
0.237625
0.235417
0.233206
0.230995
0.228781
0.226566
0.224349
0.222130
0.219910
0.217688
0.215465
0.213239
0.211013
0.208784
0.206554
0.204322
0.202089
0.199854
0.197617
0.195379
0.193139
0.190898
0.188655
0.186410
0.184164
0.181916
0.179667
0.177416
0.175164
0.172910
0.170655
0.168398
0.166139
0.163880
0.161618
0.159355
0.157091
0.154825
0.152557
0.150289
0.148018
0.145747
0.143473
0.141199
0.138923
0.136645
0.134366
0.132086
0.129804
0.127521
0.125237
0.122951
0.120663
0.118375
0.116085
0.113793
0.111500
0.109206
0.106911
0.104614
0.102316
0.100017
0.097716
0.095414
0.093111
0.090806
0.088500
0.086193
0.083885
0.081575
0.079264
0.076952
0.074639
0.072324
0.070008
0.067691
0.065373
0.063053
0.060733
0.058411
0.056088
0.053764
0.051438
0.049112
0.046784
0.044455
0.042125
0.039794
0.037462
0.035129
0.032794
0.030459
0.028122
0.025784
0.023446
0.021106
0.018765
0.016423
0.014080
0.011736
0.009391
0.007044
0.004697
0.002349
0.000000
